0.03,-77.07,0.93
0.03,-6.01,1.04
0.06,-17.34,0.99
0.08,-10.51,0.87
0.09,-5.71,0.97
0.14,29.09,1.96
0.15,59.15,1.85
0.16,-45.75,1.19
0.19,-15.47,0.90
0.22,15.18,1.59
0.24,20.21,0.92
0.24,-18.93,1.02
0.28,38.68,0.97
0.31,36.79,1.00
0.32,-8.82,1.30
0.33,-64.88,1.08
0.43,-77.26,1.59
0.44,-43.68,1.17
0.44,-42.31,1.79
0.47,-33.01,0.91
0.52,-48.80,0.93
0.53,-62.96,1.04
0.53,-62.97,0.99
0.53,54.52,0.94
0.55,62.93,1.10
0.61,33.72,1.05
0.62,53.90,1.25
0.64,29.31,1.05
0.66,30.86,1.41
0.68,56.54,1.87
0.69,-46.09,0.98
0.70,50.51,0.92
0.72,-57.46,1.04
0.72,47.02,0.88
0.73,-17.99,1.98
0.74,-10.61,0.93
0.75,48.28,1.01
0.79,24.27,1.12
0.81,7.59,1.02
0.81,50.97,0.90
0.82,57.82,1.33
0.83,41.08,0.99
0.88,-1.14,0.93
0.88,61.12,0.92
0.92,58.97,0.91
0.94,59.18,0.97
0.95,60.72,1.92
0.95,38.50,1.19
0.95,23.42,1.03
0.98,-29.36,1.06
1.05,7.89,1.07
1.10,-46.72,1.39
1.14,-55.25,1.17
1.14,-10.18,1.33
1.15,86.26,1.07
1.16,47.24,1.07
1.16,35.62,1.96
1.18,55.15,1.05
1.19,21.03,0.96
1.19,30.09,1.00
1.23,24.58,0.95
1.25,-45.53,0.88
1.26,-68.88,1.07
1.32,27.26,0.94
1.33,58.23,0.88
1.37,45.53,0.90
1.40,-8.18,1.28
1.43,-14.60,0.90
1.43,60.24,1.67
1.43,68.13,0.94
1.46,45.41,0.91
1.47,-43.32,1.35
1.50,6.14,0.91
1.52,-49.07,1.17
1.52,15.35,1.28
1.57,59.23,0.95
1.61,41.41,1.12
1.63,-57.24,3.07
1.63,48.63,1.29
1.68,40.58,0.88
1.69,5.49,1.01
1.70,42.61,0.88
1.71,-3.69,0.88
1.73,50.69,1.15
1.73,-15.94,1.32
1.76,9.16,1.07
1.83,-10.69,0.96
1.86,-10.33,1.23
1.88,29.58,1.35
1.89,19.29,1.19
1.89,3.19,0.97
1.89,-46.30,1.03
1.91,63.67,1.38
1.91,20.81,1.67
1.92,-67.65,0.95
1.93,-51.61,1.25
1.93,68.69,0.88
1.94,-22.53,0.89
1.95,-47.39,0.92
1.97,23.60,0.92
1.98,-61.57,1.58
2.00,-21.08,1.15
2.03,70.91,1.00
2.03,2.76,1.21
2.04,54.49,0.87
2.06,72.42,1.16
2.06,42.33,1.95
2.07,-29.30,0.95
2.12,23.46,1.99
2.14,37.86,0.93
2.16,25.94,0.88
2.16,34.99,1.52
2.21,30.30,0.89
2.22,8.85,1.04
2.22,44.23,0.91
2.28,-51.51,1.30
2.28,34.22,0.91
2.29,33.85,1.14
2.36,-68.66,1.12
2.43,50.28,0.94
2.43,-12.29,0.90
2.45,-47.70,1.07
2.47,8.46,1.06
2.48,67.40,1.01
2.53,89.26,2.02
2.53,-15.24,0.94
2.56,-28.23,0.88
2.60,5.59,0.90
2.66,0.33,1.12
2.66,-11.87,0.91
2.66,-68.27,1.11
2.66,-42.89,0.94
2.68,-39.86,1.11
2.70,40.19,0.89
2.72,3.24,1.33
2.72,27.71,0.96
2.74,-13.86,1.07
2.74,49.23,1.12
2.75,10.11,1.07
2.75,-18.57,1.01
2.76,-67.62,0.91
2.80,29.25,0.99
2.82,-32.41,1.01
2.83,27.26,1.28
2.84,-75.07,0.93
2.84,38.32,1.08
2.84,55.90,1.22
2.85,-21.00,0.93
2.86,35.06,0.98
2.90,52.76,1.17
2.94,-8.90,1.18
2.97,-40.30,1.57
2.98,39.66,0.95
2.98,-64.07,0.88
2.98,35.18,0.89
2.99,21.34,0.96
3.00,8.91,0.94
3.04,4.09,1.72
3.04,-23.62,1.12
3.08,53.51,1.55
3.09,38.84,1.39
3.09,56.71,0.93
3.14,40.96,1.95
3.15,49.61,1.13
3.16,44.86,1.22
3.19,39.61,0.97
3.19,19.73,1.04
3.20,74.39,0.91
3.20,-28.99,1.21
3.25,21.04,0.90
3.26,-8.82,0.92
3.31,-22.51,0.91
3.31,34.22,0.91
3.32,3.37,0.91
3.33,-21.76,1.25
3.33,-43.07,1.07
3.33,65.65,0.94
3.34,29.05,1.01
3.36,43.33,0.88
3.41,49.86,2.12
3.41,9.03,1.28
3.45,9.73,1.24
3.47,49.06,0.87
3.48,59.94,1.08
3.49,49.51,0.95
3.49,-62.94,0.94
3.50,58.88,0.99
3.51,48.00,1.04
3.51,-5.08,0.94
3.51,12.94,1.10
3.55,-9.46,1.24
3.56,-21.63,1.07
3.61,48.19,1.05
3.61,0.40,1.06
3.62,-40.27,0.98
3.70,-31.94,0.87
3.71,33.97,0.88
3.71,-37.31,0.98
3.72,47.79,1.51
3.72,-9.77,1.31
3.74,-64.81,1.20
3.74,32.29,1.20
3.75,24.11,1.24
3.75,42.58,1.22
3.75,24.47,1.06
3.76,24.37,1.19
3.77,63.35,0.93
3.77,-12.10,1.02
3.77,23.95,1.10
3.78,-23.25,1.08
3.79,-74.24,1.41
3.79,24.11,1.58
3.81,-37.62,1.06
3.82,24.05,1.28
3.82,-36.20,1.10
3.83,65.53,1.03
3.84,71.33,0.98
3.90,-24.61,0.96
3.90,31.88,1.58
3.90,-2.95,1.01
3.95,61.11,0.87
3.96,63.07,0.88
3.96,40.01,1.56
3.97,-13.51,1.53
3.98,-61.40,0.98
3.98,35.79,1.16
4.00,-24.02,0.97
4.01,12.49,1.35
4.01,-62.16,1.01
4.02,-61.08,0.88
4.05,5.99,1.18
4.08,22.08,1.04
4.11,50.35,1.07
4.14,47.71,1.16
4.18,-41.99,0.89
4.20,-6.84,1.14
4.23,9.26,0.91
4.23,-42.29,1.20
4.24,-10.26,0.90
4.24,-62.47,1.38
4.25,40.48,0.95
4.25,48.41,1.11
4.25,-7.64,1.02
4.26,8.89,1.07
4.27,-51.49,1.07
4.27,-59.30,1.02
4.29,20.58,0.89
4.30,-33.80,1.30
4.30,50.30,0.97
4.33,15.63,1.27
4.34,27.35,0.88
4.34,34.57,0.89
4.36,46.50,0.92
4.38,17.54,1.22
4.40,-34.02,1.16
4.40,17.44,0.92
4.42,22.29,1.08
4.42,17.93,1.06
4.44,22.81,1.06
4.44,15.62,1.01
4.44,14.71,0.95
4.47,16.36,0.88
4.48,15.96,1.20
4.48,19.18,1.31
4.48,15.87,1.36
4.51,16.19,0.93
4.53,-0.04,0.89
4.56,-29.77,1.00
4.56,14.84,0.96
4.57,-55.05,1.39
4.59,-30.56,1.21
4.59,10.16,1.07
4.60,16.51,2.74
4.61,-3.35,1.17
4.61,41.26,1.07
4.64,12.51,1.07
4.64,-14.30,1.19
4.65,-12.12,0.87
4.65,15.92,0.95
4.67,-19.67,1.05
4.68,-41.86,1.02
4.70,22.96,1.07
4.76,-3.25,1.15
4.83,6.96,1.44
4.83,37.49,0.90
4.84,8.90,1.04
4.85,5.61,1.26
4.88,14.25,0.94
4.88,36.70,0.92
4.88,-5.45,1.04
4.90,66.34,1.07
4.90,2.44,1.24
4.91,10.15,0.96
4.94,13.51,1.13
4.95,33.17,1.65
4.95,53.75,1.02
4.98,1.71,1.01
4.99,37.89,0.89
5.00,-12.54,0.93
5.02,-20.05,0.89
5.02,-7.17,0.92
5.03,43.82,1.50
5.04,41.08,1.25
5.05,21.59,0.97
5.06,60.44,1.14
5.07,-35.48,0.99
5.08,15.40,0.96
5.09,-22.37,1.44
5.09,-57.47,0.94
5.11,41.23,1.44
5.11,51.60,0.88
5.12,18.65,0.89
5.13,-5.09,1.61
5.15,-8.75,1.07
5.16,15.60,0.92
5.20,-11.87,1.01
5.22,-16.21,1.40
5.22,-12.94,1.04
5.22,2.86,1.01
5.22,38.48,0.92
5.23,-67.19,0.92
5.24,-8.20,3.31
5.28,46.00,3.41
5.29,-34.89,0.92
5.29,-6.84,1.29
5.30,33.37,0.99
5.32,40.10,0.95
5.32,22.10,0.88
5.33,-13.18,1.06
5.34,-21.24,0.95
5.36,-0.38,0.94
5.38,3.54,0.87
5.40,-7.81,1.11
5.41,-2.40,1.38
5.41,1.85,0.90
5.42,6.35,2.21
5.44,28.61,2.20
5.45,3.10,0.98
5.46,21.94,0.90
5.47,-20.76,1.60
5.50,-1.09,0.94
5.51,5.95,1.09
5.52,-35.47,1.19
5.53,-7.30,0.97
5.53,-0.30,1.87
5.54,18.59,1.05
5.55,32.19,0.94
5.55,-17.82,1.70
5.56,-62.49,1.23
5.58,9.49,1.03
5.58,-6.00,0.93
5.59,9.93,1.36
5.59,-5.39,0.88
5.59,-5.42,0.88
5.59,-4.84,0.98
5.59,-5.91,1.62
5.60,-1.20,2.18
5.62,9.29,1.12
5.63,21.14,1.53
5.65,-2.60,1.22
5.65,-7.21,0.93
5.65,4.12,1.00
5.66,-34.07,1.67
5.68,-1.94,2.15
5.68,-1.13,0.88
5.69,16.53,0.91
5.71,1.47,0.90
5.74,-22.45,1.29
5.75,-65.74,1.05
5.78,-14.82,1.30
5.79,-51.07,1.20
5.80,-9.67,1.96
5.82,24.57,0.90
5.82,39.18,1.00
5.83,12.65,0.90
5.83,-56.17,1.00
5.85,-35.77,1.47
5.85,37.31,0.94
5.86,-20.88,1.23
5.86,39.15,1.16
5.87,1.86,0.93
5.89,-33.80,0.90
5.89,27.61,0.98
5.90,-63.09,0.96
5.91,20.28,1.03
5.91,55.71,0.88
5.92,7.41,3.07
5.92,-37.12,0.88
5.94,-14.17,1.24
5.96,-35.28,1.04
5.97,25.95,0.92
5.99,-42.82,1.16
5.99,54.28,1.24
5.99,44.95,2.06
6.00,37.21,1.67
6.00,45.94,1.06
6.00,-3.07,0.99
6.03,-10.60,0.89
6.04,9.65,1.11
6.07,20.14,0.96
6.07,23.26,1.10
6.08,-16.48,0.89
6.10,-14.94,0.95
6.13,14.77,1.02
6.17,-54.97,0.94
6.20,14.21,1.01
6.20,16.13,0.88
6.25,-6.27,1.15
6.25,22.51,1.39
6.26,29.50,1.05
6.28,-35.14,1.04
6.31,69.32,0.93
6.33,59.01,1.02
6.33,-2.94,0.89
6.34,-30.06,1.51
6.37,-33.44,1.20
6.38,-17.96,2.01
6.38,22.51,1.57
6.40,4.59,1.03
6.40,-52.70,4.14
6.41,49.29,0.89
6.47,-32.58,1.01
6.48,-7.03,1.23
6.48,20.21,1.11
6.53,-23.42,1.05
6.55,7.33,1.01
6.58,-52.98,1.04
6.58,-22.96,0.99
6.61,-19.26,1.16
6.63,16.40,2.04
6.63,-43.20,1.45
6.63,-18.24,1.02
6.65,-14.15,0.92
6.66,42.49,0.92
6.68,9.90,0.96
6.73,25.13,1.49
6.73,13.23,1.00
6.75,-16.71,5.19
6.75,12.90,1.38
6.77,59.44,0.91
6.79,8.04,0.93
6.80,2.41,1.01
6.80,-61.94,1.42
6.83,-32.51,1.32
6.83,-53.62,1.03
6.83,-50.61,1.54
6.85,41.78,0.87
6.85,-34.37,0.87
6.88,33.96,1.28
6.89,-20.22,0.92
6.90,-24.18,1.18
6.90,-12.04,1.12
6.91,13.18,0.94
6.93,-20.14,0.96
6.94,-17.05,1.04
6.94,-48.72,0.89
6.95,58.42,1.04
6.96,45.09,0.90
6.98,-28.97,2.30
7.00,76.98,0.99
7.03,-27.93,1.32
7.05,-4.24,0.87
7.05,-23.83,1.51
7.06,-15.63,1.11
7.06,-49.58,0.89
7.07,20.57,1.15
7.14,-26.39,2.10
7.15,-70.50,1.22
7.15,-39.66,0.91
7.17,-4.24,0.89
7.19,30.25,1.03
7.19,39.32,0.89
7.20,-0.49,1.10
7.21,-46.76,1.00
7.22,-45.18,0.90
7.23,-44.64,1.02
7.24,-26.35,1.02
7.24,-48.27,0.93
7.25,-26.77,1.15
7.28,-27.88,0.96
7.28,-23.32,0.91
7.28,-67.96,1.16
7.29,-37.10,1.64
7.30,16.54,1.29
7.31,-36.73,0.96
7.31,-24.56,0.90
7.31,-24.95,1.04
7.34,21.98,1.32
7.37,-19.02,0.89
7.40,-29.30,1.77
7.43,9.28,0.87
7.43,27.80,1.22
7.45,49.21,0.97
7.45,8.29,1.56
7.47,8.93,1.05
7.49,31.78,1.10
7.49,-43.30,1.41
7.50,12.01,0.99
7.50,-23.02,0.91
7.51,-30.96,0.96
7.52,82.41,0.89
7.56,-14.52,0.92
7.57,-22.30,1.02
7.58,31.89,2.25
7.59,-28.37,0.96
7.59,-52.53,0.89
7.60,26.90,1.13
7.62,-34.97,0.99
7.64,-25.36,0.95
7.65,-26.80,1.21
7.65,34.58,0.90
7.66,5.23,3.12
7.66,-38.31,0.91
7.67,-15.26,0.88
7.69,-9.55,1.17
7.70,-72.61,1.17
7.72,58.71,0.89
7.72,28.88,1.08
7.73,-28.41,0.96
7.73,-28.95,1.17
7.74,24.40,1.29
7.75,-37.97,1.28
7.76,28.03,2.52
7.77,18.51,0.90
7.80,-25.94,1.03
7.81,-47.08,0.95
7.82,-46.37,1.12
7.82,-24.86,1.38
7.87,-40.58,1.24
7.88,-38.86,1.00
7.88,-49.61,0.96
7.89,-48.10,1.08
7.89,26.77,0.88
7.95,-52.98,1.33
7.95,-22.88,1.09
7.96,-30.33,0.93
7.97,-49.24,1.01
8.00,-3.68,0.89
8.00,-18.40,0.97
8.01,-63.57,0.92
8.02,-1.39,0.95
8.04,2.33,1.03
8.06,27.79,0.89
8.06,-40.00,1.89
8.13,-24.30,1.59
8.13,-68.62,1.04
8.14,51.51,0.93
8.14,-2.98,1.04
8.15,-61.30,0.94
8.15,-19.25,1.03
8.16,-47.34,2.14
8.19,-12.93,0.94
8.19,-39.62,1.02
8.19,-42.99,0.94
8.20,17.65,0.95
8.22,-15.79,0.87
8.22,-35.90,0.93
8.23,-40.35,1.02
8.28,9.19,1.31
8.31,-76.92,1.13
8.31,-36.66,1.02
8.34,-77.48,1.05
8.36,-33.05,0.91
8.38,-59.51,2.08
8.38,-48.49,0.92
8.38,43.19,1.07
8.43,-3.91,1.18
8.43,-66.14,1.22
8.50,60.72,1.38
8.59,-58.01,0.91
8.63,-42.99,1.11
8.63,5.70,1.10
8.65,3.34,1.01
8.66,-29.56,0.91
8.67,-12.48,0.88
8.67,-35.31,1.16
8.67,64.33,0.98
8.67,-52.92,1.28
8.68,-59.76,1.05
8.68,-46.65,1.22
8.69,-47.32,0.94
8.70,-15.94,0.90
8.71,-53.11,0.91
8.72,3.40,1.06
8.72,21.47,0.96
8.73,-33.19,1.26
8.73,-7.23,0.96
8.74,-42.65,1.13
8.74,18.15,1.17
8.75,-54.71,2.04
8.77,-46.04,1.19
8.77,-13.55,1.05
8.78,28.76,1.14
8.78,-56.77,1.00
8.78,6.42,1.36
8.81,5.84,1.04
8.83,-45.31,0.89
8.84,-27.71,1.14
8.92,-60.64,1.20
8.92,5.95,1.47
8.93,-27.68,0.90
8.94,-52.72,0.95
8.95,-59.23,0.89
8.97,11.86,1.07
8.99,48.04,1.47
9.00,-41.25,1.01
9.01,41.78,1.16
9.04,-66.40,1.15
9.04,67.63,0.94
9.06,47.16,1.29
9.07,-47.10,1.23
9.09,-72.60,1.01
9.09,-70.54,0.96
9.10,5.09,0.87
9.11,38.45,0.98
9.13,-43.43,1.88
9.13,-25.86,0.97
9.15,51.60,1.01
9.17,67.13,0.92
9.18,63.51,0.95
9.18,-58.97,1.35
9.18,-44.87,0.87
9.19,-62.32,1.16
9.22,-69.72,2.19
9.24,2.32,1.18
9.26,-38.57,0.89
9.26,-37.41,0.96
9.27,54.02,0.92
9.27,-57.54,1.05
9.28,-59.28,1.89
9.31,36.80,1.21
9.33,-11.97,0.93
9.34,-9.56,0.92
9.35,-62.40,0.92
9.35,34.39,1.46
9.36,-25.97,0.94
9.37,-55.01,1.76
9.39,-28.83,0.94
9.41,26.18,1.01
9.46,-22.34,0.94
9.46,-8.66,2.01
9.49,-2.77,0.98
9.49,-35.95,1.00
9.51,-40.47,1.28
9.52,-57.03,1.45
9.53,63.06,1.27
9.53,22.97,1.05
9.53,11.30,0.87
9.53,-1.18,0.99
9.55,51.68,1.45
9.57,36.40,0.99
9.57,-59.23,1.12
9.57,69.83,0.99
9.58,52.05,1.01
9.58,39.62,0.92
9.61,-49.36,1.05
9.62,81.33,1.06
9.64,4.65,0.95
9.66,-61.33,1.00
9.66,-1.14,1.18
9.69,9.89,1.31
9.69,-23.59,0.93
9.70,-23.92,0.89
9.74,-27.77,0.93
9.75,-62.51,1.25
9.76,23.77,1.53
9.79,-65.07,1.55
9.85,59.04,1.22
9.86,-14.85,1.11
9.86,-46.55,0.98
9.87,54.06,0.99
9.88,26.01,1.19
9.90,-25.93,0.90
9.91,-19.01,0.89
9.95,-54.57,1.31
10.00,8.04,0.95
10.09,-13.06,0.97
10.12,16.76,1.33
10.12,35.24,1.00
10.13,10.00,1.03
10.13,-0.37,1.01
10.14,11.97,2.39
10.15,-51.81,0.91
10.18,-12.35,1.28
10.23,-70.04,1.40
10.25,-42.12,1.20
10.28,23.42,1.35
10.28,-61.33,1.36
10.28,42.91,1.34
10.33,-55.03,0.98
10.33,19.47,0.93
10.33,19.84,1.99
10.35,-56.04,1.00
10.37,-41.65,0.92
10.37,41.50,1.49
10.38,-66.90,0.88
10.40,65.57,0.89
10.41,-74.03,1.15
10.43,33.80,0.94
10.43,-16.84,1.20
10.45,-31.07,1.06
10.46,-57.64,0.96
10.46,-58.74,1.21
10.46,36.71,1.09
10.51,-71.99,0.94
10.51,55.98,0.92
10.52,-73.22,0.89
10.52,-53.72,0.90
10.53,-61.69,1.39
10.55,9.31,1.20
10.55,40.43,0.94
10.58,75.71,0.91
10.59,-78.61,1.11
10.59,-57.56,1.01
10.62,-27.41,0.90
10.62,-48.23,1.20
10.63,-13.38,0.90
10.64,-16.88,0.89
10.65,31.98,0.95
10.65,-59.18,0.95
10.66,-55.60,1.06
10.70,-64.47,0.93
10.72,-64.39,1.63
10.73,-60.57,0.98
10.74,-63.96,0.92
10.76,-80.54,1.01
10.78,-49.42,1.65
10.78,-64.38,0.90
10.83,-16.19,1.47
10.89,34.22,1.22
10.89,-58.85,1.22
10.90,43.19,0.96
10.93,24.75,1.06
10.95,-37.14,0.97
11.00,-18.30,1.12
11.00,-42.23,1.04
11.01,3.62,0.91
11.01,6.10,0.88
11.03,-2.48,0.94
11.03,56.38,1.82
11.04,20.18,1.02
11.06,61.75,2.11
11.08,7.34,0.97
11.09,-27.29,0.89
11.11,-62.42,0.97
11.14,-58.98,1.17
11.16,44.50,1.52
11.19,-22.83,1.01
11.21,-60.32,0.98
11.24,20.52,1.71
11.24,15.43,1.38
11.25,23.10,0.98
11.28,-3.65,1.01
11.31,33.09,1.32
11.32,38.19,0.93
11.32,-14.78,1.30
11.35,-54.49,1.18
11.35,6.03,1.13
11.38,43.48,0.87
11.40,10.53,1.15
11.41,-10.86,0.92
11.41,-17.68,1.13
11.47,2.86,0.88
11.51,-3.00,0.93
11.52,69.33,1.21
11.54,-29.26,0.89
11.55,-31.86,1.30
11.58,-54.26,0.97
11.60,-63.02,1.47
11.61,-9.80,0.95
11.62,-0.82,1.06
11.67,-34.74,0.95
11.68,-62.09,0.89
11.75,-18.35,0.94
11.75,8.26,0.91
11.76,-66.73,1.27
11.76,6.53,1.14
11.77,47.78,1.25
11.78,-61.18,1.11
11.78,-40.50,0.90
11.80,20.22,1.00
11.80,-66.81,0.93
11.82,14.57,1.92
11.83,-63.79,1.06
11.83,-70.23,0.88
11.84,1.77,1.29
11.85,-45.17,1.01
11.86,-65.21,0.90
11.88,-33.91,1.06
11.90,53.69,1.79
11.99,-78.22,0.90
12.01,6.61,0.96
12.05,-63.31,1.05
12.07,-63.17,0.94
12.09,8.73,1.11
12.11,-64.61,1.10
12.13,-50.66,1.01
12.14,-50.72,1.70
12.14,-24.73,1.14
12.17,-22.62,1.51
12.19,-52.37,1.16
12.25,-58.75,1.61
12.26,57.03,1.39
12.26,-17.54,1.70
12.27,23.95,0.89
12.28,33.06,0.87
12.29,-67.96,1.13
12.31,-79.31,1.07
12.31,-64.00,1.13
12.33,-0.67,1.18
12.34,3.31,0.88
12.35,17.79,0.94
12.36,-60.40,1.29
12.38,25.85,0.93
12.40,51.56,0.93
12.44,27.27,0.89
12.44,-51.45,0.92
12.44,-63.10,2.81
12.45,28.27,1.04
12.45,26.83,0.88
12.47,-50.23,1.18
12.50,-16.52,1.54
12.52,-57.11,2.24
12.53,-16.20,1.06
12.54,-72.13,1.20
12.56,69.79,1.20
12.56,41.36,1.07
12.57,-23.40,1.67
12.58,70.02,0.88
12.58,22.63,0.92
12.62,-69.14,1.65
12.63,-48.54,1.20
12.65,-8.00,0.96
12.66,-39.99,0.96
12.69,-48.96,1.89
12.69,-1.45,1.63
12.70,10.24,0.90
12.70,-59.69,0.89
12.71,-48.81,0.96
12.76,-60.98,0.95
12.77,-68.11,1.50
12.77,-56.49,0.97
12.80,-59.69,2.46
12.84,-34.00,0.90
12.86,27.54,0.89
12.89,-48.94,1.05
12.89,21.25,0.90
12.89,-40.18,1.07
12.90,55.96,2.14
12.91,-9.54,0.93
12.91,-57.18,1.14
12.91,-59.15,0.97
12.93,3.40,1.36
12.93,38.32,1.56
12.98,17.41,0.93
13.00,30.79,0.90
13.01,56.37,0.89
13.04,10.96,1.58
13.04,-71.55,1.28
13.06,-49.53,0.91
13.10,-48.46,0.94
13.12,-49.91,1.07
13.12,27.62,0.92
13.15,-23.12,0.89
13.17,-5.54,1.03
13.17,17.53,1.05
13.20,27.88,1.08
13.20,-37.80,0.91
13.20,-59.92,0.98
13.23,40.15,0.89
13.24,-59.10,0.90
13.25,-67.89,0.92
13.29,-66.78,0.91
13.29,40.57,0.94
13.29,5.47,0.93
13.31,-18.31,0.94
13.32,-23.17,1.52
13.34,-36.71,1.62
13.38,-60.99,0.99
13.40,54.93,1.88
13.40,-64.54,0.99
13.42,-11.16,2.65
13.42,54.99,1.15
13.46,-15.97,0.93
13.47,13.78,0.88
13.52,-39.41,1.18
13.53,-6.26,0.95
13.57,3.66,0.89
13.57,49.02,0.95
13.58,-0.60,1.36
13.58,37.18,0.89
13.62,36.29,0.92
13.66,-53.47,1.85
13.68,54.68,0.96
13.70,-54.56,0.87
13.76,-33.04,1.08
13.78,-51.43,0.96
13.79,17.46,1.00
13.79,49.31,2.08
13.82,-34.45,1.09
13.82,15.80,1.13
13.83,-41.69,1.35
13.83,-42.47,1.33
13.83,21.26,0.89
13.83,-18.13,0.88
13.86,64.72,0.98
13.86,34.44,0.93
13.86,-32.99,1.05
13.89,-31.93,0.93
13.91,18.40,1.66
13.93,-47.29,1.72
13.96,-63.69,0.94
13.97,-42.10,1.20
13.98,-44.80,1.19
14.03,1.54,1.08
14.03,-45.60,1.05
14.06,-60.37,2.94
14.07,64.38,1.26
14.10,-41.18,1.04
14.11,-26.68,1.41
14.11,-36.37,1.97
14.15,77.55,0.92
14.17,-53.44,0.94
14.17,25.09,0.92
14.18,-16.30,0.89
14.20,2.41,0.87
14.21,-10.27,1.09
14.22,51.79,0.99
14.26,19.19,3.53
14.27,-6.00,1.13
14.27,51.37,0.93
14.27,46.09,1.09
14.30,35.51,0.92
14.30,-81.01,0.90
14.32,-13.37,0.99
14.32,-46.06,1.30
14.33,16.31,0.91
14.34,-56.39,1.06
14.34,-37.89,1.13
14.35,-45.19,0.93
14.38,-58.46,0.93
14.38,-39.51,1.03
14.38,-27.75,0.93
14.39,8.45,0.91
14.42,51.85,1.14
14.44,-45.22,0.98
14.44,-45.38,1.05
14.45,-83.67,1.05
14.46,75.70,1.07
14.47,-29.49,0.88
14.47,-2.23,0.92
14.53,30.37,1.29
14.53,38.31,1.50
14.54,-50.46,1.02
14.58,29.74,1.01
14.59,-42.16,1.83
14.63,-49.43,1.13
14.66,-60.84,2.39
14.66,-60.84,3.49
14.68,16.42,1.00
14.69,13.73,1.22
14.69,8.16,0.91
14.70,-47.39,1.84
14.70,-37.79,1.15
14.71,-64.97,1.44
14.72,-5.66,1.19
14.72,26.53,0.92
14.73,-35.17,1.13
14.75,-35.19,0.89
14.75,27.07,1.82
14.75,16.96,0.97
14.77,1.89,1.24
14.80,-79.04,1.20
14.84,-27.96,1.02
14.85,74.16,1.96
14.85,-16.04,1.62
14.85,-2.30,0.89
14.86,19.10,0.99
14.86,-43.58,1.05
14.95,-4.35,1.01
14.96,65.93,0.96
14.98,-43.13,1.66
14.99,-42.10,1.46
15.02,-8.52,0.89
15.03,40.39,1.32
15.04,25.01,0.92
15.05,2.09,1.03
15.06,47.65,0.91
15.07,-25.28,1.41
15.07,26.95,0.99
15.09,-47.05,1.18
15.12,24.87,0.89
15.15,-45.28,1.13
15.20,-48.74,1.19
15.20,-19.79,0.99
15.20,-52.10,1.35
15.21,-44.50,0.91
15.24,-31.52,0.89
15.26,33.32,1.33
15.28,-9.38,1.69
15.29,-58.80,1.13
15.29,-63.61,0.91
15.30,-30.15,1.04
15.31,-47.88,1.07
15.32,-68.68,1.57
15.35,71.83,1.52
15.36,-40.65,1.43
15.36,-36.26,1.29
15.37,-47.93,0.87
15.38,-44.69,1.37
15.39,-36.86,0.99
15.39,30.29,0.87
15.39,-59.32,1.01
15.40,-10.32,0.89
15.41,37.38,1.05
15.42,58.97,1.40
15.42,-38.73,0.97
15.46,29.11,1.26
15.53,40.90,0.88
15.55,31.36,1.10
15.57,-10.06,0.97
15.58,26.71,1.88
15.58,10.54,1.21
15.59,-41.17,1.60
15.59,-14.79,1.18
15.60,-44.96,0.99
15.61,-66.32,1.11
15.62,-28.14,1.28
15.63,-42.57,1.05
15.64,-29.78,1.26
15.66,36.64,0.96
15.66,-34.41,0.96
15.67,-23.82,0.88
15.69,-44.66,0.96
15.69,19.67,1.00
15.70,-19.68,0.93
15.71,-34.71,0.93
15.71,26.30,1.21
15.73,77.79,1.06
15.74,6.43,1.68
15.77,15.42,1.27
15.77,7.35,1.02
15.81,18.14,1.12
15.83,26.07,0.98
15.83,-3.43,1.30
15.85,4.48,1.24
15.85,-33.63,1.16
15.85,-25.75,0.96
15.85,35.66,0.92
15.85,20.98,0.94
15.88,42.45,0.97
15.89,-25.33,0.98
15.90,-16.73,1.11
15.92,-63.43,1.59
15.94,15.66,1.20
15.95,-29.21,1.19
15.96,26.88,1.10
15.96,54.75,0.88
15.97,-14.28,0.88
15.98,-26.11,1.56
15.99,-41.74,0.87
16.00,-38.40,1.35
16.01,-22.62,1.85
16.02,29.85,0.88
16.03,58.56,1.15
16.04,22.80,0.92
16.05,46.04,0.94
16.05,-49.23,0.96
16.06,-25.87,0.88
16.06,-38.60,0.90
16.06,-57.77,0.96
16.09,-19.81,1.71
16.09,-19.80,0.90
16.11,-45.17,0.94
16.11,-36.80,1.08
16.11,-20.67,1.17
16.12,-20.87,1.05
16.15,44.93,1.08
16.15,36.49,0.94
16.20,-19.46,1.15
16.20,-10.06,0.89
16.21,-27.93,0.98
16.22,-54.63,0.88
16.24,-3.69,1.63
16.26,-63.69,1.19
16.28,-50.07,0.88
16.29,75.75,0.88
16.30,-28.61,0.92
16.31,-4.69,1.42
16.33,46.31,1.18
16.33,-50.16,1.15
16.34,-78.70,0.95
16.34,-24.17,0.99
16.35,-25.59,1.56
16.37,19.15,1.23
16.37,1.03,0.92
16.37,30.89,0.91
16.40,61.51,1.63
16.40,-20.04,1.01
16.42,14.03,0.98
16.43,-23.45,0.98
16.45,-18.46,1.08
16.45,-47.55,1.01
16.46,-8.37,0.97
16.47,68.77,0.89
16.47,-70.08,0.90
16.48,41.88,0.91
16.49,-26.43,2.60
16.50,-25.12,0.92
16.50,21.49,1.61
16.52,1.98,1.21
16.52,-16.61,1.06
16.52,-34.70,1.07
16.54,-21.47,1.01
16.54,11.49,0.91
16.56,-78.90,1.19
16.57,-44.05,0.91
16.57,42.44,1.09
16.60,-28.22,1.59
16.61,-35.26,1.09
16.62,-10.57,1.72
16.65,48.93,0.91
16.68,64.59,0.91
16.69,31.60,1.60
16.69,-17.74,0.89
16.71,38.92,1.33
16.72,-77.52,1.08
16.75,56.78,0.91
16.77,82.04,1.08
16.81,-69.03,2.05
16.82,45.98,0.92
16.83,-59.04,1.22
16.83,-10.78,0.96
16.84,-34.29,1.85
16.86,-38.05,1.52
16.87,-38.02,1.30
16.90,-42.36,0.95
16.90,10.17,1.03
16.91,-42.36,1.28
16.93,65.13,0.90
16.96,9.38,1.44
16.98,-55.99,1.47
16.99,-53.16,1.13
17.00,30.93,1.17
17.02,-4.22,0.92
17.05,14.09,0.88
17.08,-34.12,0.91
17.09,54.47,0.89
17.09,12.74,0.90
17.15,65.71,1.45
17.17,-15.73,1.78
17.20,-43.24,1.39
17.24,14.39,1.61
17.25,24.84,1.47
17.25,36.81,1.45
17.26,-26.60,1.05
17.28,-0.45,0.94
17.29,33.10,0.92
17.29,37.29,0.96
17.35,-12.85,1.05
17.35,-21.11,1.03
17.37,-67.77,0.93
17.37,-25.00,1.41
17.39,37.15,1.10
17.42,-55.53,1.58
17.42,-56.38,1.39
17.44,-24.18,1.10
17.44,4.14,1.05
17.44,-5.09,0.99
17.46,-29.87,1.06
17.51,52.30,1.61
17.51,26.11,1.03
17.51,-37.30,1.65
17.52,-60.68,1.28
17.52,-23.96,0.93
17.53,-49.88,1.58
17.54,55.18,0.90
17.54,86.59,1.04
17.54,55.17,0.91
17.56,-37.10,2.22
17.58,12.56,1.96
17.59,-46.51,0.98
17.61,-38.63,1.07
17.62,68.76,0.93
17.62,-43.00,2.08
17.63,-15.40,1.30
17.63,-8.12,0.98
17.66,46.01,1.21
17.67,-49.42,0.93
17.69,-12.88,1.07
17.70,72.15,0.98
17.71,-39.03,1.80
17.72,-21.68,0.91
17.72,4.57,1.62
17.76,-64.72,1.28
17.77,27.72,1.35
17.79,-27.83,0.99
17.79,-40.13,1.52
17.80,2.71,1.23
17.82,-31.70,0.92
17.83,-37.04,1.44
17.84,-40.09,0.93
17.89,56.87,1.24
17.94,37.25,1.19
17.94,51.49,1.87
17.95,-44.34,0.91
17.96,29.25,1.25
17.96,-41.72,0.90
17.98,30.19,1.03
17.98,-9.77,1.39
18.00,-23.82,0.94
18.00,16.75,0.95
18.00,4.37,0.92
18.01,-3.69,0.97
18.01,2.93,1.17
18.03,21.60,1.07
18.03,1.31,1.02
18.05,-8.18,0.93
18.08,-29.58,0.96
18.09,2.50,1.14
18.10,-30.42,1.52
18.10,22.22,0.88
18.11,-50.09,1.27
18.11,-43.42,0.89
18.12,8.73,0.96
18.12,9.56,1.24
18.13,28.76,1.20
18.13,-28.46,0.99
18.14,-63.67,1.05
18.15,20.81,1.04
18.19,-45.95,0.99
18.20,-23.70,0.88
18.20,31.41,0.88
18.23,-21.06,1.20
18.23,64.40,0.87
18.29,-36.76,1.47
18.30,-27.04,0.96
18.33,36.06,1.05
18.34,21.96,0.89
18.35,71.34,1.08
18.35,3.38,0.91
18.35,-29.83,1.64
18.35,72.73,1.30
18.36,-2.90,1.42
18.39,-61.49,1.04
18.39,-8.93,0.96
18.39,21.77,1.20
18.40,58.80,0.88
18.40,-34.38,2.12
18.42,-20.54,0.92
18.43,65.56,0.92
18.45,-45.97,1.32
18.47,-25.42,1.59
18.48,-49.07,1.12
18.49,-14.57,0.95
18.52,-62.28,0.96
18.53,-45.91,0.89
18.54,57.05,0.93
18.56,-42.31,0.97
18.59,-8.24,1.20
18.62,38.78,3.45
18.70,-9.05,0.95
18.72,-71.43,1.15
18.73,-8.28,0.90
18.74,-35.64,0.91
18.74,39.67,0.95
18.74,39.61,0.98
18.75,37.61,1.05
18.76,-64.87,0.93
18.76,-26.99,1.45
18.76,20.55,1.09
18.77,26.66,0.91
18.78,18.18,1.05
18.79,-4.75,1.08
18.83,33.36,1.31
18.85,59.39,0.96
18.87,-62.19,1.08
18.89,50.71,0.89
18.90,-22.74,0.91
18.91,71.30,0.92
18.91,36.90,1.08
18.91,22.65,0.98
18.92,-26.30,1.97
18.92,43.95,1.12
18.94,4.20,0.97
18.94,4.20,0.88
18.95,-67.23,1.03
18.95,-5.85,0.91
18.96,-21.11,1.31
18.97,-52.94,0.91
18.98,-37.11,0.91
18.98,32.69,1.41
18.99,15.07,1.14
19.00,32.15,0.89
19.03,-5.74,1.14
19.04,-29.88,1.69
19.05,-42.09,0.94
19.08,-21.74,1.23
19.09,13.86,1.52
19.10,-4.88,1.35
19.11,-37.06,1.08
19.12,-27.67,1.39
19.14,-40.50,0.98
19.16,-37.90,1.11
19.16,-21.02,1.57
19.17,-39.34,1.12
19.21,67.66,1.49
19.23,39.15,1.02
19.26,-25.26,0.91
19.26,73.36,1.01
19.27,21.39,0.93
19.27,38.13,1.04
19.29,53.37,1.21
19.29,-18.95,0.90
19.34,-5.42,0.88
19.34,65.71,0.97
19.36,-17.85,1.17
19.36,-15.96,0.99
19.38,-44.46,1.16
19.39,-44.80,1.07
19.40,-40.62,1.16
19.40,29.62,0.87
19.42,3.11,1.37
19.44,0.34,0.96
19.48,24.67,1.02
19.50,51.73,1.23
19.51,27.96,1.49
19.53,34.45,0.94
19.54,69.67,0.95
19.57,7.38,1.01
19.59,-48.10,0.90
19.61,50.22,1.00
19.61,-24.88,0.98
19.61,-1.29,1.04
19.61,-7.03,0.89
19.66,30.15,0.95
19.67,18.01,1.03
19.68,17.48,1.03
19.74,37.35,0.90
19.75,45.13,1.58
19.77,10.61,1.64
19.77,-19.76,0.90
19.79,18.53,1.26
19.80,70.27,1.20
19.85,8.87,2.82
19.85,22.61,0.90
19.87,1.01,1.19
19.89,24.08,0.98
19.90,8.46,0.94
19.92,-41.87,1.11
19.92,6.41,1.24
19.93,52.44,0.89
19.93,-26.30,0.95
19.93,38.49,0.88
19.93,58.85,0.88
19.94,35.08,1.18
19.95,-27.17,0.99
19.98,19.49,1.32
19.98,-26.20,0.91
20.00,-35.28,1.04
20.01,-72.91,1.16
20.02,27.75,0.96
20.03,-59.38,0.88
20.04,-27.71,1.02
20.05,67.87,1.00
20.06,-37.94,0.93
20.07,-32.06,0.87
20.12,-52.88,0.89
20.14,-66.18,1.30
20.15,77.71,1.03
20.16,36.84,0.89
20.19,-0.82,1.42
20.22,46.82,0.92
20.22,56.57,1.06
20.23,46.74,1.21
20.24,15.20,0.89
20.24,36.81,0.89
20.25,25.59,0.92
20.26,47.71,1.16
20.26,27.81,1.00
20.29,-12.51,1.06
20.30,38.03,0.93
20.30,-12.54,1.29
20.34,-12.76,0.93
20.35,-14.78,1.49
20.37,40.26,1.88
20.40,32.19,1.02
20.43,-56.73,2.03
20.48,-17.81,0.93
20.49,30.37,1.15
20.49,62.99,1.08
20.49,-2.89,0.89
20.50,48.95,0.89
20.55,11.30,1.14
20.57,35.25,0.97
20.59,14.67,0.96
20.59,-60.58,0.93
20.61,-2.55,0.89
20.63,14.60,1.27
20.63,-47.29,1.47
20.63,-61.53,0.91
20.64,-1.11,1.05
20.64,21.20,0.92
20.66,15.91,1.22
20.69,45.28,2.46
20.72,15.07,1.02
20.73,-51.92,1.00
20.75,25.27,0.89
20.75,-66.20,1.35
20.75,61.84,1.35
20.76,57.58,0.99
20.76,30.72,1.08
20.77,-25.27,1.11
20.77,33.97,1.75
20.78,16.12,1.07
20.79,34.37,0.89
20.79,36.49,0.99
20.79,-9.50,1.22
20.80,-5.03,1.02
20.82,46.11,0.92
20.82,-46.23,0.90
20.83,-33.78,0.90
20.86,-26.92,1.11
20.87,27.10,0.98
20.88,-8.98,0.94
20.89,44.39,0.92
20.91,-58.45,1.26
20.95,41.17,1.17
21.00,47.52,0.94
21.02,-32.26,0.95
21.07,-19.85,0.92
21.08,43.93,1.24
21.10,-17.23,1.12
21.11,47.65,0.98
21.12,-25.01,1.00
21.16,-11.37,1.00
21.17,10.13,0.95
21.22,30.23,1.43
21.24,10.01,1.01
21.25,38.04,1.23
21.26,5.25,1.17
21.29,39.39,1.08
21.30,34.90,1.03
21.30,-32.17,0.94
21.31,62.59,1.77
21.33,-53.45,1.03
21.35,-40.81,0.92
21.37,19.80,1.12
21.37,-16.83,1.06
21.44,-65.37,1.08
21.44,-22.41,1.22
21.48,70.56,1.42
21.48,-21.81,1.00
21.50,23.64,0.99
21.53,-5.57,1.56
21.57,45.59,1.16
21.58,38.53,0.90
21.62,-19.47,1.00
21.63,-7.85,0.95
21.63,62.08,0.93
21.67,-16.66,1.25
21.69,-77.39,1.24
21.70,71.31,0.99
21.70,51.19,0.95
21.71,-18.87,0.94
21.73,58.78,1.08
21.74,28.74,1.00
21.74,9.88,1.80
21.74,17.35,1.05
21.74,25.65,1.10
21.75,-33.03,1.04
21.76,61.12,1.07
21.78,49.31,1.08
21.78,-16.13,1.58
21.90,-37.36,1.52
21.97,-54.99,1.03
22.05,-56.78,0.95
22.06,-2.16,0.94
22.06,64.63,1.07
22.09,5.06,0.91
22.10,-0.32,1.54
22.10,-39.54,1.01
22.11,-13.87,1.06
22.12,25.35,1.22
22.14,-46.96,2.16
22.14,-32.99,1.00
22.14,-34.04,0.87
22.16,72.34,0.92
22.17,33.18,1.06
22.17,-32.55,0.89
22.17,6.20,1.31
22.18,58.20,1.36
22.23,39.71,1.00
22.25,57.04,1.09
22.26,-41.35,0.92
22.27,37.75,1.10
22.28,-7.78,1.10
22.31,-60.26,1.57
22.35,46.54,0.99
22.36,28.33,0.93
22.36,12.21,0.92
22.36,-1.39,1.19
22.39,52.23,1.02
22.41,49.48,0.99
22.42,1.38,0.92
22.46,-64.97,1.00
22.46,4.70,0.93
22.48,-0.02,1.27
22.49,58.42,1.13
22.49,-43.50,1.16
22.49,47.71,1.05
22.50,-43.75,1.11
22.51,43.12,0.99
22.51,-10.68,0.92
22.52,50.28,1.23
22.53,-32.35,1.06
22.55,-61.98,0.89
22.59,-0.12,1.14
22.62,51.55,0.96
22.65,39.05,0.90
22.68,44.28,1.00
22.68,-27.04,1.09
22.69,10.83,1.35
22.70,29.31,0.92
22.71,-46.88,1.96
22.72,30.22,1.55
22.72,-41.41,0.91
22.73,-18.83,0.95
22.76,-53.50,0.91
22.77,-81.38,1.11
22.78,23.57,1.16
22.78,12.17,1.09
22.79,83.15,0.93
22.81,-51.32,1.32
22.83,-13.59,1.13
22.83,66.20,1.32
22.83,24.60,1.32
22.87,43.31,0.88
22.88,-32.88,1.01
22.88,-7.58,1.24
22.91,84.35,0.95
22.91,-15.82,1.41
22.92,8.82,0.89
22.93,-32.54,1.09
22.94,49.73,0.87
22.96,-29.62,2.52
23.01,-52.75,1.11
23.03,42.33,1.28
23.06,28.08,1.77
23.06,3.82,1.01
23.07,50.05,0.96
23.08,15.21,1.75
23.11,59.42,0.91
23.11,-23.74,1.01
23.11,-43.52,1.06
23.12,9.41,0.99
23.12,25.47,0.93
23.13,75.39,1.03
23.16,-21.17,1.26
23.17,-22.46,0.94
23.17,-45.25,1.19
23.21,49.41,0.99
23.24,-6.05,1.08
23.26,-9.09,1.07
23.28,-7.73,0.89
23.29,3.28,1.25
23.29,-58.24,1.15
23.30,49.02,0.92
23.30,-9.18,1.03
23.31,68.11,0.93
23.31,-32.53,1.03
23.32,-9.61,0.87
23.34,23.74,0.98
23.38,-20.10,1.16
23.41,62.28,0.88
23.42,23.40,1.02
23.43,-20.64,1.03
23.45,1.26,0.88
23.47,6.38,1.07
23.49,12.76,0.99
23.50,58.55,0.90
23.55,-37.82,1.03
23.55,-20.91,0.95
23.57,31.33,0.88
23.58,-42.62,0.95
23.63,46.46,1.21
23.63,-45.49,0.94
23.64,43.27,1.06
23.66,77.63,1.43
23.66,-14.22,0.88
23.67,5.63,1.11
23.67,44.33,1.10
23.70,-17.82,0.92
23.70,1.78,1.00
23.71,-14.54,1.00
23.73,29.36,0.89
23.77,46.42,0.88
23.77,3.49,0.88
23.78,58.65,0.90
23.82,-28.13,0.98
23.91,57.50,1.00
23.96,25.14,0.96
23.98,-3.56,0.90
23.98,55.75,0.90
23.99,6.86,1.14
24.00,-65.58,1.00
5.28,46.01,2.67
7.58,31.89,1.58
9.51,-40.47,0.96
11.30,31.54,1.05
11.30,31.54,0.92
12.69,-1.45,1.31
13.40,54.92,1.16
16.07,-11.37,0.91
17.17,-15.73,1.36